@Using Triangular Membership Functions as antecedent fuzzy sets

@Number of Labels in Variable 1: 5
SepalLength:
L_0(5): (3.157338597851646,4.057338597851647,4.957338597851647)
L_1(5): (4.340481390306872,5.240481390306872,6.140481390306872)
L_2(5): (5.47997111663476,6.37997111663476,7.27997111663476)
L_3(5): (6.034267123129361,6.934267123129361,7.8342671231293615)
L_4(5): (7.031614758813982,7.931614758813982,8.831614758813982)


@Number of Labels in Variable 2: 5
SepalWidth:
L_0(5): (1.4901845828862357,2.090184582886236,2.690184582886236)
L_1(5): (1.9023618536663958,2.502361853666396,3.102361853666396)
L_2(5): (2.518237569119233,3.118237569119233,3.7182375691192333)
L_3(5): (3.3646183040075313,3.9646183040075313,4.564618304007531)
L_4(5): (3.878800003345507,4.4788000033455075,5.078800003345507)


@Number of Labels in Variable 3: 5
PetalLength:
L_0(5): (-0.518197828021864,0.9568021719781361,2.4318021719781364)
L_1(5): (0.9438802308235912,2.418880230823591,3.893880230823591)
L_2(5): (2.2194589762556007,3.694458976255601,5.169458976255601)
L_3(5): (3.2528221687450873,4.727822168745088,6.2028221687450875)
L_4(5): (4.710860031000323,6.185860031000322,7.660860031000322)


@Number of Labels in Variable 4: 5
PetalWidth:
L_0(5): (-0.48098339988178634,0.11901660011821368,0.7190166001182137)
L_1(5): (0.059584606042051666,0.6595846060420516,1.2595846060420517)
L_2(5): (0.43016380573346163,1.0301638057334617,1.6301638057334615)
L_3(5): (1.5747136911490973,2.174713691149097,2.7747136911490973)
L_4(5): (1.8521300574472255,2.4521300574472256,3.0521300574472257)


@Values of the exponents of the classes:
Class 1: 0.8525719797175951
Class 2: 4.37831995561618
Class 3: 13.716196708293754
