@Using Triangular Membership Functions as antecedent fuzzy sets

@Number of Labels in Variable 1: 5
SepalLength:
L_0(5): (3.2243676252499522,4.124367625249953,5.024367625249953)
L_1(5): (4.7370001299696,5.6370001299696,6.5370001299695994)
L_2(5): (5.632017087892763,6.532017087892761,7.432017087892762)
L_3(5): (6.0195845885248325,6.919584588524833,7.819584588524833)
L_4(5): (7.408876529567939,8.30887652956794,9.20887652956794)


@Number of Labels in Variable 2: 5
SepalWidth:
L_0(5): (1.4782889761426345,2.078288976142635,2.678288976142635)
L_1(5): (2.011599998208933,2.6115999982089333,3.2115999982089334)
L_2(5): (2.4103809962453164,3.0103809962453165,3.6103809962453166)
L_3(5): (3.0465652677071478,3.646565267707148,4.246565267707148)
L_4(5): (3.8386719545319514,4.4386719545319515,5.038671954531951)


@Number of Labels in Variable 3: 5
PetalLength:
L_0(5): (-0.2656783314218446,1.2093216685781554,2.6843216685781557)
L_1(5): (1.0990180828629557,2.5740180828629557,4.049018082862956)
L_2(5): (2.5294990179563683,4.004499017956368,5.4794990179563685)
L_3(5): (3.937685483715605,5.412685483715606,6.887685483715606)
L_4(5): (5.167163693921725,6.642163693921725,8.117163693921723)


@Number of Labels in Variable 4: 5
PetalWidth:
L_0(5): (-0.4242643159474406,0.1757356840525594,0.7757356840525593)
L_1(5): (-0.015198277350541273,0.5848017226494586,1.1848017226494587)
L_2(5): (0.7464925784885712,1.3464925784885713,1.9464925784885712)
L_3(5): (1.504039699603769,2.104039699603769,2.704039699603769)
L_4(5): (1.8212645812323607,2.4212645812323608,3.021264581232361)


@Values of the exponents of the classes:
Class 1: 2.2604008617765903
Class 2: 3.1853593473143134
Class 3: 1.8974819473639115
