@Using Triangular Membership Functions as antecedent fuzzy sets

@Number of Labels in Variable 1: 5
Age:
L_0(5): (19.30355568856694,32.553555688566945,45.803555688566945)
L_1(5): (29.596978481622333,42.84697848162234,56.09697848162234)
L_2(5): (43.73576973919262,56.98576973919262,70.23576973919262)
L_3(5): (56.51617855830289,69.76617855830288,83.01617855830288)
L_4(5): (65.78654374979,79.03654374979,92.28654374979)


@Number of Labels in Variable 2: 5
Year:
L_0(5): (55.52249709071806,58.27249709071806,61.02249709071806)
L_1(5): (58.51420676714388,61.26420676714388,64.01420676714389)
L_2(5): (61.69929647052835,64.44929647052835,67.19929647052835)
L_3(5): (63.25513644529069,66.00513644529069,68.75513644529069)
L_4(5): (67.00452395174524,69.75452395174524,72.50452395174524)


@Number of Labels in Variable 3: 5
Positive:
L_0(5): (-13.38366287469978,-0.3836628746997806,12.61633712530022)
L_1(5): (-3.1064842024491783,9.893515797550823,22.893515797550823)
L_2(5): (11.265666282937179,24.26566628293718,37.265666282937175)
L_3(5): (27.097436737861294,40.097436737861294,53.097436737861294)
L_4(5): (32.9208545702797,45.9208545702797,58.9208545702797)


@Values of the exponents of the classes:
Class 1: 1.396783029205758
Class 2: 1.1551176100351925
