@Using Triangular Membership Functions as antecedent fuzzy sets

@Number of Labels in Variable 1: 5
sepalLength:
L_0(5): (3.518518529201678,4.418518529201679,5.318518529201679)
L_1(5): (4.569967527276505,5.469967527276506,6.369967527276505)
L_2(5): (5.227663497688247,6.127663497688246,7.027663497688247)
L_3(5): (6.078033771180041,6.9780337711800415,7.878033771180042)
L_4(5): (7.428838295097327,8.328838295097327,9.228838295097328)


@Number of Labels in Variable 2: 5
sepalWidth:
L_0(5): (1.1051799845481556,1.7051799845481557,2.3051799845481558)
L_1(5): (2.1476312678222382,2.7476312678222383,3.3476312678222384)
L_2(5): (2.4485437746288845,3.0485437746288846,3.6485437746288847)
L_3(5): (3.480668962579159,4.080668962579159,4.680668962579159)
L_4(5): (3.7524229197618717,4.352422919761872,4.952422919761871)


@Number of Labels in Variable 3: 5
petalLength:
L_0(5): (-0.366818991617905,1.108181008382095,2.583181008382095)
L_1(5): (1.0777247056403705,2.5527247056403706,4.027724705640371)
L_2(5): (1.902546593624871,3.377546593624871,4.852546593624872)
L_3(5): (3.9736810698262044,5.448681069826205,6.923681069826205)
L_4(5): (4.709276997583194,6.1842769975831935,7.659276997583193)


@Number of Labels in Variable 4: 5
petalWidth:
L_0(5): (-0.4097872568703683,0.1902127431296317,0.7902127431296316)
L_1(5): (0.3617149990669809,0.9617149990669809,1.561714999066981)
L_2(5): (0.6424565583846977,1.2424565583846978,1.8424565583846977)
L_3(5): (1.5897182607714588,2.1897182607714587,2.789718260771459)
L_4(5): (1.8168694630427218,2.416869463042722,3.016869463042722)


@Values of the exponents of the classes:
Class 1: 0.4387411672227946
Class 2: 1.2167469499038588
Class 3: 3.615413745273545
