@Using Triangular Membership Functions as antecedent fuzzy sets

@Number of Labels in Variable 1: 5
SepalLength:
L_0(5): (3.2667227425284806,4.1667227425284805,5.066722742528481)
L_1(5): (4.284045891888528,5.184045891888529,6.084045891888528)
L_2(5): (5.47030864348828,6.370308643488279,7.2703086434882795)
L_3(5): (6.440770292386132,7.340770292386132,8.240770292386133)
L_4(5): (7.2347860762566185,8.134786076256619,9.03478607625662)


@Number of Labels in Variable 2: 5
SepalWidth:
L_0(5): (1.4792596160369147,2.079259616036915,2.679259616036915)
L_1(5): (2.245706316578975,2.845706316578975,3.445706316578975)
L_2(5): (2.5725161947818123,3.1725161947818123,3.7725161947818124)
L_3(5): (3.3574630631382534,3.9574630631382535,4.557463063138253)
L_4(5): (3.6878429354180393,4.287842935418039,4.887842935418039)


@Number of Labels in Variable 3: 5
PetalLength:
L_0(5): (-1.1127442711993476,0.3622557288006526,1.8372557288006526)
L_1(5): (1.05453074518298,2.52953074518298,4.00453074518298)
L_2(5): (2.330595790202353,3.805595790202353,5.280595790202353)
L_3(5): (4.212085663346544,5.687085663346545,7.162085663346545)
L_4(5): (4.76352834154857,6.2385283415485695,7.713528341548569)


@Number of Labels in Variable 4: 5
PetalWidth:
L_0(5): (-0.22045745620963086,0.3795425437903691,0.9795425437903691)
L_1(5): (0.18590533993328084,0.7859053399332808,1.3859053399332808)
L_2(5): (0.5869243727264793,1.1869243727264795,1.7869243727264794)
L_3(5): (1.3479736893072272,1.947973689307227,2.547973689307227)
L_4(5): (2.0736692290937366,2.6736692290937367,3.273669229093737)


@Values of the exponents of the classes:
Class 1: 0.7428037585367633
Class 2: 0.6510509695868565
Class 3: 1.7489999301335792
