@Using Triangular Membership Functions as antecedent fuzzy sets

@Number of Labels in Variable 1: 5
SepalLength:
L_0(5): (2.993337008779637,3.8933370087796373,4.793337008779638)
L_1(5): (4.118733354421629,5.018733354421629,5.9187333544216285)
L_2(5): (5.424219798217711,6.324219798217711,7.224219798217711)
L_3(5): (5.765548247584381,6.665548247584382,7.565548247584382)
L_4(5): (6.966524221643124,7.866524221643124,8.766524221643126)


@Number of Labels in Variable 2: 5
SepalWidth:
L_0(5): (1.5608307627723652,2.1608307627723655,2.7608307627723656)
L_1(5): (1.8925016452882928,2.492501645288293,3.092501645288293)
L_2(5): (2.640106628009994,3.240106628009994,3.8401066280099942)
L_3(5): (3.4400389140788064,4.040038914078806,4.640038914078807)
L_4(5): (3.600192008799757,4.200192008799758,4.800192008799757)


@Number of Labels in Variable 3: 5
PetalLength:
L_0(5): (-0.6264848387738433,0.8485151612261568,2.323515161226157)
L_1(5): (1.0666676309817655,2.5416676309817654,4.0166676309817655)
L_2(5): (2.0741551736137267,3.549155173613727,5.024155173613727)
L_3(5): (3.8163696139679937,5.291369613967994,6.766369613967994)
L_4(5): (5.379186151834508,6.854186151834508,8.329186151834508)


@Number of Labels in Variable 4: 5
PetalWidth:
L_0(5): (-0.27918193846228545,0.3208180615377146,0.9208180615377145)
L_1(5): (0.0667725351983191,0.666772535198319,1.2667725351983192)
L_2(5): (0.4506124272264662,1.0506124272264663,1.6506124272264662)
L_3(5): (1.4630242483699682,2.063024248369968,2.663024248369968)
L_4(5): (1.8139446051354247,2.4139446051354247,3.013944605135425)


@Values of the exponents of the classes:
Class 1: 2.3018219205417445
Class 2: 0.5199444976758766
Class 3: 3.309691765169219
